fig1_map_empo_richness/fig1_map/elevation_raster.asc
NCOLS 540 
NROWS 236 
XLLCORNER -158.088334445 
YLLCORNER 21.586893111 
CELLSIZE 0.000278000000000028 
NODATA_value -9999 
[rows 0 to 19 of 236, columns 276 to 321 of 540]
-9999 -9999 -9999 -9999 -9999 -9999 -9999 -9999 -9999 -9999 -9999 -9999 -9999 -9999 -9999 -9999 -9999 -9999 -9999 -9999 -9999 -9999 -9999 -9999 -9999 -9999 -9999 -9999 -9999 -9999 -9999 -9999 -9999 -9999 -9999 -9999 -9999 -9999 -9999 -9999 -9999 -9999 -9999 -9999 -9999 -9999
-9999 -9999 -9999 -9999 -9999 -9999 -9999 -9999 -9999 -9999 -9999 -9999 -9999 -9999 -9999 -9999 -9999 -9999 -9999 -9999 -9999 -9999 -9999 -9999 -9999 -9999 -9999 -9999 -9999 -9999 -9999 -9999 -9999 -9999 -9999 -9999 -9999 -9999 -9999 -9999 -9999 -9999 -9999 -9999 -9999 -9999
-9999 -9999 -9999 -9999 -9999 -9999 -9999 -9999 -9999 -9999 -9999 -9999 -9999 -9999 -9999 -9999 -9999 -9999 -9999 -9999 -9999 -9999 -9999 -9999 -9999 -9999 -9999 -9999 -9999 -9999 -9999 -9999 -9999 -9999 -9999 -9999 -9999 -9999 -9999 -9999 -9999 -9999 -9999 -9999 -9999 -9999
-9999 -9999 -9999 -9999 -9999 -9999 -9999 -9999 -9999 -9999 -9999 -9999 -9999 -9999 -9999 -9999 -9999 -9999 -9999 -9999 -9999 -9999 -9999 -9999 -9999 -9999 -9999 -9999 -9999 -9999 -9999 -9999 -9999 -9999 -9999 -9999 -9999 -9999 -9999 -9999 -9999 -9999 -9999 -9999 -9999 -9999
-9999 -9999 -9999 -9999 -9999 -9999 -9999 -9999 -9999 -9999 -9999 -9999 -9999 -9999 -9999 -9999 -9999 -9999 -9999 -9999 -9999 -9999 -9999 -9999 -9999 -9999 -9999 -9999 -9999 -9999 -9999 -9999 -9999 -9999 -9999 -9999 -9999 -9999 -9999 -9999 -9999 -9999 -9999 -9999 -9999 -9999
269.535464928659 264.326755855401 258.557671863404 260.808416068208 267.68566864317 270.152908779056 273.842821713238 279.085055381992 290.664916748497 299.402718386601 308.771520817636 317.714902905143 321.287075527398 313.158139302798 298.712186520097 281.66093617093 267.41821117123 256.330190473139 244.079095940957 233.052700851674 233.752497888664 241.198548042553 246.690056824107 248.54356309903 249.842362963394 249.334947838469 246.658508211278 246.15572970533 264.257898488609 285.510134614469 295.523437268906 303.547471064524 304.698738712408 297.36497722047 297.3758965866 300.107969187878 298.809039041687 292.643569385239 292.537858950444 306.839236428665 320.787824956485 332.327969473757 352.210919286437 370.958845130258 378.242114519757 381.426167466609
253.886766010437 245.654716408916 243.121945463347 249.399622204818 252.581376953427 254.276319050984 259.951924132108 263.069311460694 274.233062657621 285.555116362032 299.270383224288 313.805220278201 320.222401736674 315.01443885625 299.880476742601 286.359216365843 274.144950844272 261.908735175258 253.121173709549 248.005315448406 239.024464480105 235.512224653012 240.597108962612 247.0969621444 256.764902523013 263.241440442814 263.977805685014 259.135604998223 259.627019695062 277.191431798197 290.990321334195 302.200918995229 314.025658579229 317.723011629211 316.925294454023 323.898665791877 317.823060544725 309.901144751592 300.646759496861 302.147352038935 311.420547803482 322.394336863715 337.613280012292 362.090091037328 381.650636293188 392.07480120735
237.390548295824 230.485994664976 234.819373876864 239.132223889226 238.864303618578 242.529511118092 249.873641000505 258.120248008616 271.042891590087 287.764077950016 304.228655521745 314.547503517889 319.714650230212 318.043328414435 306.289534238033 290.840994518243 278.898550018908 267.015453454552 256.220885641709 250.866475580254 244.870119371908 239.701546396911 236.519085570638 239.213781072293 245.44278335199 258.050560670241 271.116647017363 280.387933581975 279.096671069569 274.323756667621 279.145709039262 290.71403919243 306.531727664048 320.537864673654 329.919379468321 337.210325053148 339.607021129686 330.303364051515 324.623231333026 320.162463785885 321.857639167887 331.246340035476 339.38984114481 350.985225426091 368.901394534965 385.744914878449
221.96061371783 217.395388342239 221.267831888918 222.424747076566 231.906523587617 247.617934940581 258.836219942536 270.377017255015 283.435373381255 298.63186188899 310.117071297857 315.739466102277 316.265668697302 308.728449449242 299.160747179667 285.822541305535 273.226807456661 262.975927657195 254.097039864056 250.691850133855 246.754731670141 242.469083399419 238.219427951739 237.445681848379 241.400605755274 252.225923721456 265.12813988736 279.620791924209 292.348107865133 292.626193707386 286.718600918853 289.317990655292 299.208397622728 312.820028018799 327.368663486988 339.715849919721 351.174786615781 353.41447891456 344.726482354098 338.568539565866 338.300593104632 344.527730127137 355.871599008429 363.577076271117 369.622912263475 382.398771694501
211.132050811825 202.836332780459 212.723835990018 232.499564829534 245.027722396273 253.026322202823 263.143313137505 275.265873955044 286.684121644079 297.41439908015 304.143961932546 308.835770843342 313.487767701371 311.320127770025 301.644008573355 289.939727730697 278.346455371294 269.006194210111 258.387579665626 251.69086869575 247.052560734437 243.143735320231 240.924702522935 238.789416963959 239.795648400687 246.926369422587 263.690426467653 280.337304287385 293.436400290254 305.961453983539 306.470722973466 306.057405745204 314.200912869916 318.324883378552 330.024054782215 342.689292271592 356.544080924844 365.843026911587 365.283444074403 359.092865588282 356.188850842256 359.250047806404 368.144862749046 377.437040045695 386.788298603245 401.504616549517
195.857971432727 207.930149733421 225.421958266806 238.921966437776 245.231603037205 249.399331237961 258.22999158082 269.5238116874 279.054984560713 285.579716362748 291.942254546959 299.593413958496 310.319188940521 318.161912892656 311.224011838972 297.094182599578 284.252415437393 272.898082678028 264.514108690337 257.321320265237 251.003791059575 247.099330711961 244.858012295757 241.193927525331 239.909769844852 246.596360883907 262.907571000411 278.765398960789 292.212237029423 305.827896695814 314.441543063331 320.648028526595 326.340461233129 331.33602550773 336.150166784882 342.299432894738 346.496707813661 361.750653888976 377.307241436538 378.39625579993 376.000968386255 380.59362409784 383.115066694627 394.386824224767 409.733330045896 417.045560520108
194.35488072964 201.496081872593 215.377952384978 220.284317561903 228.633330467335 230.25276963924 239.649147385926 249.356427063224 255.069414142574 266.365357261691 284.47411462732 295.637609340961 304.875936399974 313.704051561259 308.552508387957 296.647050228484 282.815822995492 271.550893931256 265.040915529626 257.607957424748 252.862728711489 251.15162638848 247.307381380702 242.524430810201 240.959684226129 242.537571396993 252.816214985088 269.779227467897 282.492847739198 296.304546917373 305.895114007713 316.246540564694 320.780822175397 318.981225993005 317.549716624851 316.279976470616 330.086610895776 358.755729851149 376.384289160892 379.069697682512 379.652735557552 380.865319836343 385.181474069614 392.203864896259 400.187835067048 409.207501664066
213.199950543904 207.228821786575 204.452114231439 207.198536674511 212.116885597773 216.713271660333 223.637538651514 233.535493594392 245.213776039314 260.903106685266 273.759147342183 286.909622791146 301.758381190446 306.782345447277 302.234251481759 291.720619217368 279.743866593292 271.301822111138 264.279541369281 259.18088463316 257.060754029281 259.241389412714 253.74413092581 247.062114889375 243.59146123118 243.274407081928 251.23053403752 265.580153624698 276.12327217243 287.676403227715 300.478502348595 304.699120491525 300.80092252327 295.359932604258 292.97128761404 307.375944224204 328.254396520641 351.649908897605 363.43357527183 360.197591924307 356.847129178968 362.212932873102 369.960945481595 374.959700119789 380.560851233926 396.231418178295
217.655209622639 219.901693324565 222.129443414351 225.376322056067 228.643732489933 229.637584834263 234.421007026632 239.702430147444 248.575945738613 258.6620588943 275.93925752442 292.976260807633 306.972505699296 309.860769020026 305.111663878314 295.158798597264 288.024119405125 279.515238709 271.373849949918 267.562085090992 269.456013205722 270.277506057384 261.442293191814 253.03446975793 248.007797700074 244.395057526349 250.940235888799 260.788154485901 266.289356761558 278.477225872036 280.892918661646 280.380701889913 277.406142988898 280.206961122798 299.95756110619 319.495011475757 337.02765188518 351.504883190447 350.543207088688 342.468117180801 337.292014230126 341.639753493583 351.584732979956 362.847691418611 379.629736383938 405.520687911689
208.386949285938 213.190966583291 217.671338140939 228.010826519106 236.677230067141 241.618614883489 246.850183163277 252.324864121294 257.965235567605 264.395527339158 274.699339102943 289.108394186292 308.251520951496 315.259381221708 315.87092824229 307.521544505227 296.123745180972 287.346598761817 279.895504822311 276.22655525285 280.9176176268 278.269246659288 269.206105648994 261.006297727833 254.032635962797 244.420951224063 243.992939594071 246.518198737681 253.614295298964 257.29362183194 251.84277626262 252.981175375021 259.999963138614 279.944593663404 305.549952043685 324.930320346284 338.189133442443 340.202526102536 332.963785842239 325.753212335393 333.513434420767 352.245453168284 368.956265047036 378.797921283981 396.771356553419 415.494037686404
202.874574063012 209.215009166449 214.912146550033 223.31313812412 233.316859128924 242.933448288788 253.281038084314 264.582601963677 273.802239434424 282.255279261516 290.868768045513 301.658841561966 309.458780898306 317.743699484284 319.731998729817 316.142275648937 302.880764657575 291.415394123871 282.779938456449 282.787533607681 289.167781076085 285.981660509248 274.073271481066 269.590207690678 267.329186270163 260.593785947229 255.508518862695 247.678490482614 245.95497714933 248.914770108335 250.377143326179 252.46304498367 263.31527733339 290.672280430907 316.394785559214 331.853124619809 333.340197382119 325.045873795158 316.860433411884 322.809372455006 344.299226187391 363.536839119705 378.949275671643 389.166625726235 400.55760386187 414.843506287327
192.904884669071 202.910039100176 216.156824966861 226.517795830797 235.05629109514 244.942669281007 258.15671336197 271.285482866987 282.751567031232 292.905454742854 300.388379825263 306.191595967474 307.146284404443 309.808416062251 316.337333717814 316.890162702466 306.76800265268 293.672703270595 288.973514342351 290.433683557183 296.373030412889 292.595382155801 283.287375438174 282.45148157327 284.471845565592 286.25579126657 277.919661059846 260.140516217539 247.190309356204 249.704070827063 254.123661641749 257.383242557351 278.222789710434 306.90184933685 323.426326555728 329.777804660596 323.148158582575 314.039921839031 314.974628100559 326.308115455771 347.976084428791 369.403451849988 375.330135491648 383.298049531854 390.820126846124 391.570195374989
198.884469850186 213.279336766668 224.746484475161 234.853222802634 241.537360520841 254.622163800917 266.884559732262 277.488237548061 284.086976481407 287.432274960015 291.718494519241 294.479243859455 295.141376509902 299.691399604892 309.040018731515 314.141373612356 308.81591942757 302.230576232167 297.241735463649 295.89143802652 302.417845619924 302.845727081641 295.69782805805 298.122436625538 296.724894400238 293.697104640079 284.885646835806 271.593909421041 266.753822883713 262.57217873887 257.528358812831 261.892928508032 284.514803593857 301.330849364659 307.078977015822 311.262194095892 302.198230211994 307.193573942384 321.119631950111 332.36573473189 344.321475199745 353.137658254179 358.55639198584 375.345236388675 373.258661373033 370.57836718956
214.925188943144 222.755589239184 231.127533209269 241.185023071056 251.130816023001 262.725951656209 269.503360136358 271.753016453223 271.927876809636 274.44014464183 280.201334067182 282.000669657942 285.630537122091 292.81235699701 300.406073879346 311.136761273476 316.388914885471 314.477014240521 309.471091958676 307.067997426257 311.221742288941 319.066097585861 316.831052560344 308.774733662682 299.233218150332 292.303082091021 288.347624037538 287.248769590917 281.520572663091 271.476881084431 259.227781267116 257.71023975122 269.164561065013 281.352353659158 289.389564220033 290.601597840577 291.23456608809 303.883807249555 312.803695888931 315.953367865865 319.136613660732 333.593139513441 358.005974422563 366.639461861049 361.459834499177 370.668507295787
210.563797640783 220.414193695033 230.081847613585 244.144533303372 252.168385754859 255.547782063936 255.878434890007 251.634493806235 252.756045557688 258.959877577236 264.989829812474 272.852214569 283.774218986215 294.745466042245 304.256816668375 314.609951283609 321.894393900683 326.212987237132 324.704715530735 317.4167576657 322.422103028165 328.238489535099 321.82323811295 309.483001963141 302.35271302527 302.026381736647 301.183406502841 297.217824240902 289.050489175253 274.012834031226 262.918606660052 260.538854813148 261.302337769249 265.313629546584 273.439177597047 278.103579870648 282.295581594023 287.605838140921 290.886451156424 298.414920336398 311.481484319496 333.326768696788 351.227040592747 355.632913202713 353.580933893585 366.423593267591
