fig1_map_empo_richness/fig1_map/elevation_raster.asc
NCOLS 540 
NROWS 236 
XLLCORNER -158.088334445 
YLLCORNER 21.586893111 
CELLSIZE 0.000278000000000028 
NODATA_value -9999 
[rows 40 to 59 of 236, columns 368 to 413 of 540]
401.941300007276 415.107155867479 409.773344431227 402.059239869368 399.153592472075 403.155328803824 411.702577984841 401.333298582491 395.570815627525 393.063657300213 411.135661581536 416.500728078519 408.71161645963 400.238713907851 393.009130977629 381.817569612539 365.607132970197 356.948330308705 349.122941034891 340.244043847009 330.767257312924 332.936620636781 346.114828180019 348.248639217729 346.174935237083 355.081236754438 364.203057169753 358.627855908253 343.610221346323 331.703861795402 330.373080579356 328.954423014763 326.615436448168 325.326184350992 315.864660652678 298.043817254301 283.652420625246 272.03830526445 262.256215549131 253.599030994349 245.018400755291 236.401131925356 225.954619956001 213.6361623261 201.219666959963 187.182107488156
413.744182044623 423.897918067327 419.694477095125 416.266479880079 414.396028615378 416.73859449532 421.142987055776 419.049830756795 410.980221458469 407.435619794366 409.933983003026 399.210539926259 392.638235575561 383.830412450824 376.975019047411 370.439979381814 363.42854676179 353.976520436303 344.322730092349 335.749453439442 333.354804004878 345.051479169079 357.734763071866 363.054050747642 360.335420133297 363.989889096425 369.724613923366 359.759954831623 347.617786860318 340.330849799085 343.284063045903 343.388726116613 341.147088458156 332.111113787374 316.590591283096 303.716665598017 292.544701398554 280.806629712621 272.124383438799 262.344389160934 248.452154028188 236.674704835588 224.393614427449 210.585112659578 196.680456116005 182.216474752723
414.097652086553 427.16544021994 430.400471090502 427.010019026221 428.316701344535 429.73347897221 434.111604088649 434.895415838222 427.020209242368 424.012382488347 415.668725796651 402.25519013444 385.692320662247 370.018728477244 362.620550587795 356.41931592735 353.885901275166 348.719890531612 342.415533275179 340.05510635489 346.809344696255 356.246481218284 365.895971692851 376.015841938506 375.98908330198 376.940395200684 375.840035615773 359.910981029057 351.7728233218 352.492226245804 358.572013369995 357.923694179712 348.081699347781 335.384701839459 323.723378874127 315.613365016072 306.015153766078 293.188856514891 281.434599276954 266.761342108882 246.620117442709 230.17530763933 216.106517346875 199.705875789445 185.175288026657 175.663755794545
393.456939100577 411.077856098319 424.553996589435 423.037116141891 423.047278020796 426.644887100359 438.825579390368 447.898754668009 443.715760723765 434.504449617917 417.02939407349 399.503358061319 384.490419379302 371.121526611562 357.754425381195 352.112620709695 350.013043424864 348.009818496015 346.933388447751 350.346902515549 358.393928494078 367.200206607741 376.937369225517 388.428362764567 379.716909190452 377.015602053274 369.599023894309 359.94157661788 356.117818464093 360.281128466557 365.289314779417 361.313970766359 347.139142158982 333.131403636539 321.603253041875 311.124313844098 300.379423607444 290.658852151313 283.413206141708 274.372886023285 257.285708264381 235.701976232257 217.57137929268 197.327536887946 183.865727033811 181.574862684552
389.895559754147 408.598872771385 412.546810053664 410.756250627046 412.598424776891 418.040362923627 428.564733233529 444.508493872225 449.896407160454 433.148885358114 411.178120667936 394.218520168767 380.64286693482 369.563322172655 362.154618468737 361.872454022351 360.910216968921 359.011630397083 363.327572756827 366.623117871992 373.039278850155 381.37901874196 389.817386736205 381.524257405813 369.938894408707 364.558974212429 359.148092193167 353.310196298337 350.37410637966 348.460938117419 346.754451406867 346.943211176823 339.962455727233 322.727036614002 310.390647933479 300.063023201483 285.280655713876 270.278305721153 266.03204765032 264.189129277138 256.902079808093 238.485153127906 215.941388143933 196.095337239371 187.272268617763 192.268738013727
386.056750471013 394.287982732209 398.721412179814 405.01308791262 411.039667491672 417.101731748527 424.807384933648 440.040954850363 447.554022094666 428.412463843756 414.057011400129 399.269609007497 383.161656256011 374.021614985273 373.707102140537 377.650959923294 375.759123795872 373.364890664968 377.60737428512 379.331323687719 386.406416245708 391.491878437785 381.694170730467 366.793547787313 359.506370852925 353.982464230345 349.42723936989 340.033800010156 332.794305522329 330.848123407891 330.680586593684 331.930494260846 332.690695001431 323.844287251075 307.961704996147 291.650368968878 277.169397162498 262.09572006446 251.886598174589 246.630021597958 243.06253247908 234.196638739564 219.18244368938 198.566838941286 192.467586227349 201.354859145329
388.788617878389 385.319438703609 394.424398072419 407.198587753179 412.788663878925 418.374907344629 428.478028322285 441.794552838339 442.885770081269 427.134143582305 412.113066945009 398.145562834496 382.629047757853 380.606626310836 385.815217542901 388.207137123117 390.282570240856 390.112208317982 393.076825855352 402.907429723901 404.450602376635 391.766368688489 368.995272398146 352.651480197398 344.152075377922 341.723534474929 339.289671077137 331.191877032541 321.051869546366 315.363925563248 310.96293161328 308.207800972432 310.226799690167 313.150575801626 311.321565580818 299.888114993781 280.867022012563 259.553250164275 241.931931800062 234.452503611222 229.660585911676 220.767201046093 210.670873517875 198.391804076003 195.289639151084 206.294319679105
397.331655917677 389.329220585544 399.021982606072 409.932628736884 415.232100863684 422.206720941026 434.215836610231 441.99522210845 435.181540777144 416.2736944494 401.854960008697 397.427158701011 399.67725988191 403.208252764802 402.205285261727 403.001170000081 411.378343412319 415.415102834237 417.408571766922 417.201994916009 403.076111658861 384.23611166714 357.536223850422 341.566564343338 331.85534218315 325.496443947672 318.383551952834 316.684701010365 311.161974938962 307.289383480035 302.734625254805 296.735760444552 293.720707434877 294.792347070858 295.783126679763 291.822534452464 281.099934201688 262.909767102269 240.483581501632 226.667546565754 214.429229722335 204.63912102042 199.186593533964 195.670313215023 199.782616555663 212.287197955069
391.379385262145 390.397218942895 402.888513605549 409.853582314769 415.892560623586 424.755036887689 436.035766360526 438.978679413793 428.186833457724 414.729378417907 407.005036926908 406.117208955204 416.461774559624 421.816545782359 420.184247693991 418.056233116588 422.981564278367 430.302060746087 437.200524427959 427.076987171021 397.892860513684 370.246374989847 354.041317868733 339.783589058641 323.854392242957 308.256133440565 302.911025113921 303.560657274878 302.427674606395 298.489085587669 293.018931785367 288.356735267017 284.962343947084 283.522262919214 279.766085184692 273.711340540395 267.391151443912 255.887496521422 239.205331463518 222.595159594783 207.758337469122 205.091046111201 205.51067916065 208.536550215325 218.895114635344 230.675484560509
390.649460148691 394.940487600735 404.529315333584 404.312396793774 406.207395588482 410.322216602724 419.430794910591 435.297700999379 438.00394928785 425.616284795533 416.010504929125 419.437856108778 432.442841794321 440.957610317083 440.896442470021 436.599996661161 429.68857023927 426.176428781883 425.638536899393 421.370076501455 405.471830226121 388.333103921478 369.080371132169 352.845462464778 339.126500318639 318.767592862592 302.427637020799 292.090801762311 286.016586959279 283.789332385041 281.590832807092 274.779953668481 268.955927806131 268.226026599369 266.193134980526 260.131434961348 251.609045762197 243.707530222773 232.383341021822 216.527955395782 210.997307520616 223.948892213768 235.347844767813 231.493626092253 236.804954748612 245.147293672902
391.269114206023 396.936298206819 399.356247851215 397.373875154167 399.454566446737 400.291377078545 410.052164577927 429.408979488081 443.594837843336 435.238715593988 427.24967462221 435.119379450228 444.64409042696 445.924574352277 440.019417662593 432.804463659485 423.694035299363 417.427667998786 410.605537706483 408.349639636504 404.05790727035 391.508413421767 378.754599948846 363.724644919402 345.860920757507 324.965097409244 309.658037305344 295.197083768129 279.161139741617 268.579636370928 262.172300777185 258.301793403642 255.654227773473 253.593885706728 248.964929144597 242.911714978387 235.366339025659 229.444406653628 219.216623382466 216.282826920595 226.866322723244 248.547800880099 256.041825971625 249.081559110606 253.810112846899 265.582823955065
390.239135757707 389.774993759295 393.785722673897 404.932451426377 410.144755798881 406.036859159424 423.236436922489 440.803113814671 456.155945002867 454.628431536626 444.193485866781 449.438806914536 448.627962013832 434.141432514909 421.00657512872 415.315893968633 410.514395791686 408.386202455909 402.704183651261 396.181793461488 392.696398624963 378.591701956975 363.866267660507 354.29688750657 339.498554922927 322.440541826444 308.424455516706 294.516567525619 280.570851715224 266.692964119473 255.197648637263 246.525988531161 241.003262928719 238.845808821811 236.646642271396 231.801204283704 230.047696448862 230.108336196751 224.416921673599 226.418966084911 241.98489380829 256.800065758199 272.554598567901 272.550319756095 273.864114822769 286.155653216053
394.390826835816 395.356823688801 405.242718972226 415.581998132242 412.990526664648 411.632978653909 431.333099545825 445.892607431923 460.278581315666 464.283642823404 458.648303175955 448.352222690639 434.580153741119 421.129869428807 409.913411844306 401.231982626117 395.552292533957 392.327312932428 391.66282230385 386.462072656627 381.086150037806 373.050384018095 355.441458716976 340.426932107197 325.46821603576 309.611302395226 298.58071829494 286.139121965851 272.870394233765 260.299648276462 252.040256500071 246.341688244485 244.636648078563 241.484221733428 242.162466632982 244.88093993463 244.071481763642 239.804951068689 233.455788984329 238.730649041996 255.269425550403 271.675686407948 285.456675976288 296.000043350657 294.500289108023 295.999509485365
415.980341842825 410.465740628698 416.63546170657 415.155642773502 409.740520066955 416.62796517554 430.641833539392 441.048839717763 455.349862318428 462.26682355261 457.388338776495 447.954718876204 440.036169259473 430.204959474992 422.06775278728 412.131736081156 400.113406195047 387.963502242666 376.673266299463 369.958076531415 365.45630833103 363.783813981476 357.384272296786 347.073328500406 332.820239908591 320.25480777665 304.940572904593 286.927139238171 267.801441597434 260.914333040568 264.129847171074 267.508494732107 259.684984468621 260.542787127537 264.441089327217 262.453445628987 255.600859730776 247.20993090661 243.359830360979 249.671478816683 263.405872178122 281.001199281389 298.114744883032 312.215966058065 313.908633235454 303.414918058513
426.244236545199 424.304836738517 416.769460433268 410.379074287789 411.470566933781 414.136692826237 423.369619809399 437.926333901736 447.488388427362 453.641311404318 457.59131056048 457.684981385796 453.48593143786 443.806489495698 431.407498758147 418.097363223929 401.881805957182 387.923789981546 379.098187552308 368.834950174846 356.080048392747 350.353586961049 346.263862140297 344.388164552252 340.746646392252 323.2579350402 297.882862810616 277.287911094349 269.546902031197 277.050095957968 280.586022860309 274.81554135368 273.595021177064 281.866625755619 279.937292954504 274.559033080858 264.681390951115 250.867791532742 247.676399356999 258.026154049081 273.568659677094 286.441839429419 307.139280915895 328.269607699475 321.740023751796 298.466837140551
442.559562218932 433.356040740406 418.673305956487 410.887381764334 407.275320068648 409.914396913615 419.106728412874 430.115580042969 439.839777902819 452.510856809993 459.647011848313 461.673274098009 455.731886217398 442.58584672612 427.714518161465 413.277000051612 406.168114198736 401.571859570061 389.796504439202 374.075985394744 358.716421505713 347.615084027105 335.909112946045 331.503016937601 333.149047722497 313.10175907727 287.562647115306 277.375249737314 285.996240635333 295.224839942572 290.762349841542 281.879829513187 286.659858810425 293.843596813961 289.798533333914 280.821392653835 268.391034372523 258.565669456515 254.808588305353 264.66610088567 281.214961451206 294.17455402666 308.456217284105 325.168990857951 320.187594253736 301.113799474543
451.145958528395 436.614753351953 426.085095405364 418.021453740488 412.358111728204 410.608908143632 414.312743084526 426.252266769692 439.797085026138 453.927680563111 461.849034677854 465.31840263743 458.13766090663 444.564481836994 434.992153339856 428.044506065751 419.697414959639 410.21544079247 395.613969624263 379.218856290783 366.173637214664 351.969046430706 337.933630852921 323.769567990842 314.843275738572 301.451137227889 286.590519815905 285.00702095516 302.900310375158 307.743381736131 304.635358903075 298.692006082406 299.295807675871 303.947857907739 293.121865978891 277.735198203659 268.83168281366 264.354955946895 261.243811839532 268.300563674458 282.639373704735 299.912156068121 315.588429120153 321.445453166477 315.813156164471 301.791986035061
458.315408433327 454.923704597098 448.919557185297 439.067393515061 425.860034065181 415.907287742484 413.379758683764 419.305963224967 433.168095504765 446.545733257938 455.510513315388 462.393761610569 458.494232022601 447.282105295824 433.851602382448 423.258852539704 409.753599634315 396.122509040785 379.870556562069 364.804500917393 353.031110842567 340.249220487728 328.69234654312 316.795691382212 304.968030036246 294.144977832115 288.003339982469 297.331993028845 315.972721740907 317.561157176431 308.70344662298 305.682649347278 310.97792406497 308.880290082452 297.601691147033 289.021506561683 281.191390516885 274.003077912612 266.956121238683 268.177066265765 283.398693205565 303.980763981279 315.230221096197 309.098456104613 301.357378268558 294.842906165981
469.180134055004 461.896523743148 457.32567107565 453.377691495448 444.94488029044 430.355754309874 417.106888826959 415.409799217881 427.891188959871 446.307726972987 455.398141933225 451.614912894185 442.887291873359 432.613696124629 418.671474654732 404.880347394295 390.944186185268 377.591529847088 365.432842673966 357.739859444027 357.800593254623 346.749976082145 331.808746765008 314.908639377656 301.493086422326 297.971205845044 303.784155515148 313.80347993985 325.013131697848 320.177934844968 311.925826963775 317.0394939533 326.178849494283 318.482053105339 306.836636517141 302.299713351565 296.871062939118 283.750227352311 271.74436055135 273.282694578797 290.844868111367 307.613509830257 306.79143915502 296.498287451723 286.908999499177 279.353235007652
476.813923635301 476.071486628199 468.675095113507 459.564046307671 448.402737414785 434.698021780106 418.819472793763 415.531097686798 425.884048916734 442.285698941482 450.220718394926 444.126831431326 432.443313002809 420.808638666458 405.204577469513 390.909557107507 380.543049176511 379.017856784536 379.47568874289 379.226557137529 370.258551284104 354.654791796778 331.72090150175 311.592867800974 310.516587464398 318.320379004827 323.337631903503 328.500017570431 327.231121577296 319.430347444561 323.064958164614 336.818846427366 342.349844266881 334.571378243641 324.8488760798 316.712462359171 305.688266717197 290.44053485656 278.431388640641 286.040491330618 300.127562067375 304.974847426751 298.477399566038 284.714215801268 278.336246698017 276.775581683323
