fig1_map_empo_richness/fig1_map/elevation_raster.asc
NCOLS 540 
NROWS 236 
XLLCORNER -158.088334445 
YLLCORNER 21.586893111 
CELLSIZE 0.000278000000000028 
NODATA_value -9999 
[rows 100 to 119 of 236, columns 46 to 91 of 540]
7.93841296307273 9.05967208287436 10.7030095489027 11.6262458173778 13.3642426719611 15.1596794786975 17.335758990038 19.8163118812948 23.1373591658529 32.2494988928979 47.0631874070162 63.9740052425631 76.1390632229065 76.2858058470964 75.4730174832775 75.0228434024607 77.0573228439052 77.6774758135768 76.007740035244 75.3686626413635 75.6327107575598 75.1521600564093 77.0393810441087 79.8621433269034 79.1213759526518 80.5027059474877 82.7113602806099 84.8857012181689 81.01533019841 69.8467058120995 63.702891047108 61.7340317355662 62.381888265941 65.5206132422311 72.9855527611393 77.9846767554149 82.1583143259086 81.8908271439341 76.7047786484694 74.8537411686779 77.436242255635 85.2635589339519 94.5243394086328 97.0790527037502 104.815123664986 114.469075626616
9.92980924847237 10.8905208609922 11.6846466720475 13.4447844639854 15.2313021670975 17.0164135337545 18.1886655804586 20.9296035429187 28.3837053433334 42.7223683400046 63.2757562137299 73.847727801506 77.4766471544146 77.5464997446517 76.7047711330206 76.7069180433236 77.7923103192322 78.6931945393556 78.5186140157021 77.6426965252487 76.8459127699326 77.7380403293915 79.9230025765022 81.3758880221337 81.0818127125141 80.8138752355514 82.2319389234757 85.2758976170694 87.7048098559417 84.7527747796094 76.3100873629907 72.5339479616952 71.994587770155 75.6082973679542 78.5362476616805 81.2950850617178 88.2195778468294 91.599536823593 89.4634519171103 83.6184656490183 75.3204236947462 74.914116409818 85.3231650820102 89.8406549420634 96.3070513892239 115.247501210809
11.8976735822141 12.631290422351 13.6435984008572 15.4859761363099 17.4006570349321 19.2145883374368 21.0229704456728 26.762489913382 38.4192516861424 54.0777439167822 69.6549777258454 74.6910522517236 75.7941660887265 77.7848204645665 79.3999911127386 79.7041097592065 80.6873828154276 81.0348381549871 81.5469320616214 80.6137529121016 80.6809553289747 80.7291090560523 82.4351334170149 83.7824733723454 83.7425140351091 82.8660387481213 84.2689743810703 86.1397793085865 88.2708377529049 89.1297031743156 85.3019318700521 83.2226491916899 83.4405452678696 85.9151773695383 82.9912710939545 85.0198643595258 94.9147694017082 97.1011042457632 94.3316816601191 90.3578314667596 84.0674529968527 74.6172856425563 77.3696664075015 86.4758580796075 91.8572740197372 104.809514981351
13.5827129573821 14.3897907352071 15.5124915451162 17.6008376494465 20.332462186599 22.1103546332878 24.7302926184838 33.6705717606586 44.6266126570236 58.7342567430984 69.1099982011193 73.838753535219 76.647918622439 78.7261746099844 81.3891617471157 82.6210852709616 83.4626284242574 84.4003161975639 84.2979203609792 84.3245736208553 84.1615470212238 84.1380354590449 85.1209880898673 85.9652793655466 85.8350410799087 84.9071287722317 85.9801076680916 87.8816542757545 89.7096616009758 90.7150021849124 89.8225773000338 89.7408280356361 91.8550205847712 93.1930276399151 93.6201484744923 98.7999259587141 98.7143790415721 99.6687329794908 98.3370567332267 95.7781924655561 89.9756172129657 83.5593747734447 77.6674434239671 81.9610826695755 85.9838081429733 95.9845995645718
15.8510515883525 15.9660080181716 17.7732764520925 20.9057073603328 23.6070163547797 25.5174175082273 30.2741356499732 39.3069014266221 48.7651181296636 58.5981727336762 67.5591446158586 74.7801995394258 77.5617647877555 80.5245354977746 83.3866243626297 85.4336576240111 85.8906146264201 87.3684459027238 87.3968348656059 88.065659899971 87.986848574219 87.8889858456446 88.7116175192765 89.142451763439 89.0511802750578 88.3993789803768 88.5239868734721 89.6726703396294 91.5328723819589 93.5275945618522 94.480416512975 95.5201802312259 97.4866223692695 99.5360775150244 101.510946191427 101.703366261797 102.397706789363 103.165531291205 102.333020579569 100.571347664969 96.244198944556 90.4474097779004 85.013888831685 79.6125694277081 79.1073923820833 85.1041574523088
17.4812398067809 17.8002542238983 20.2097235248997 24.7577851999339 27.7902639168695 33.1668829802458 42.8697065713606 54.6266483096749 60.1613884738981 61.8728296789283 66.2522443139863 73.3023022867487 76.3021017778917 80.8577318091615 84.8426359721836 86.3159125973566 87.8182842918105 89.2567711072848 90.1657687621919 91.0714928386586 91.8760648456918 91.859026825193 91.8018796055299 91.7819218512126 91.7430761722864 90.9480895893732 91.9626006224267 92.9934310824252 94.0586890728358 95.9907604571925 97.1880418792323 99.0549670901984 101.461416391252 103.443701139883 104.455776761367 105.442961452769 105.478036686675 106.692162577846 108.19424849319 108.353721314307 105.16977459531 98.572986047471 92.9942472796656 88.8127109910272 81.2473426821845 80.6676687930349
19.833425304293 20.5386380238069 23.5650365529713 29.0518225668864 36.0571738670633 48.3110049418697 59.9616822896535 64.5440728205555 65.6649764225942 65.6365928889862 65.9717396026881 70.8248672712355 74.5273719700133 78.4838240977132 84.0186103231259 86.4328125936621 88.3051199263286 89.7962720629237 90.9779488504157 92.6488408841352 93.6322755160213 94.5577404640886 94.7667493602503 94.4276292420146 94.0421259628657 93.7463464381675 94.0238517470786 94.9760357404189 96.0390860038498 98.0901604777625 100.175138747204 103.465895398985 105.911122047361 106.754295636024 107.395263044009 107.341768844936 107.456554439611 108.560945517745 110.711492228535 112.430052066293 113.703653578354 112.077001303474 106.127243624957 100.179008949356 92.5640938342828 90.2601233884332
22.6159603323143 22.9527684891002 29.295017610689 37.9241839636939 50.8385207886961 61.362641844202 65.900852450089 66.8683036716708 67.7778782661246 68.6351486379283 68.7293444820022 69.5149244174602 72.2968505750899 75.9882906496876 81.9056416476607 85.2239126279281 87.2466446450788 89.1583747477745 91.0264863441249 92.958976397692 94.7622164519822 96.5620275306368 96.7938773738723 95.9739442211351 95.9993924307428 96.0543306723219 96.2829902170961 97.2467311594792 98.4477856040058 101.546468717196 105.344831218839 108.050432567308 109.128543728903 109.156253330557 109.164623777524 108.318628433788 108.217985510438 109.169834349956 110.365318750168 112.4195532296 114.372601627071 115.43920390273 112.979906683323 111.499716009344 107.581970897801 100.998010248621
27.4519561985006 31.4645740830116 41.9912445985786 53.1800845236471 60.8029497463548 65.0541104897135 67.934046486743 68.7349249147551 70.0257962763024 71.2122057325656 72.1759260047705 71.9777922868452 73.110705496522 75.9566317126168 80.2667034118117 83.4318244785619 85.4638444471804 87.7691586358622 89.6825926829047 92.4243721189516 94.3068945874277 96.1293606870939 97.8613346422076 98.1703587115591 98.3654343385023 98.1511474451335 98.9053721830438 100.334375338677 102.995347655736 106.420519973461 108.374983082742 109.420964792137 109.578810376294 109.905097931667 109.959988375531 109.691282316715 108.6283101694 109.67503763658 110.939751018038 112.947604554337 114.40288263377 115.111520509526 114.678343689953 115.175407369002 113.665587067399 110.976756235176
40.4007095871456 46.8969960726964 54.0503842640831 59.5449994819012 63.2269498345001 65.350682804189 68.0840358749472 69.6898476191308 71.2133163798204 72.3096644292026 73.214052272746 73.9165433471714 75.425804184386 77.6109061408856 80.3625030927394 82.6113388575726 83.6025491144631 86.5758480930708 88.848292834804 91.9618888783813 94.2256141918537 95.7699581533966 97.3096170224894 99.251433719247 100.334604232997 101.377449174834 102.541352455895 104.147832954479 106.165556838037 108.060017716247 109.228405244253 110.227366589059 110.240079887808 110.878629425257 110.887648248491 110.421363118129 110.328651133439 111.526480896034 112.845629880552 114.466201995395 115.871335252823 117.021464086911 117.568023101553 118.55867056266 117.877073894222 116.810493010826
47.5937807842478 56.1089556193384 60.8053653290287 62.7750949542324 64.1096744052685 65.897558427988 68.565753577426 70.6244472825205 72.2021630836166 73.2214233332646 74.2984373324259 75.8407818974665 77.4466803404346 79.3242495520012 81.3672516204268 82.751575902043 83.7854450007258 86.4255282468733 89.0461876716993 91.6984048385035 94.1549199697837 95.4206764311783 97.1016188644531 99.6621885868747 101.681437772434 103.270711960425 104.798491660843 106.395911234421 108.258678484912 109.192995450884 110.146195814193 110.957673259477 111.458294054367 112.13804903785 112.198136350581 112.123762600119 112.571644080981 113.350378255203 114.469470742918 115.889199654775 117.609223161698 118.916914248668 120.084951544261 120.947561020866 121.159819912703 121.304194491653
48.4543161459161 55.7880453663 61.6468623759386 63.8827023782121 64.4424809390054 66.6310942409729 69.3207621167331 71.2393220931061 73.0091753900031 74.1340105586864 75.3600759728903 77.3647622084092 79.2641233573561 81.0220430915234 83.0379001487596 84.1014635571888 85.8222694718727 87.4202498845148 89.8006621148856 91.880196701772 93.8847611915951 95.5038244396257 97.0507368666734 99.6094472551937 102.439794167777 104.233444956956 105.971474794997 107.614409735933 108.890658453229 110.018065254264 111.243172595912 111.890366721135 113.019738671619 113.930946482995 113.94648468508 114.405732255972 115.054991532467 115.226670526125 115.915232342752 117.438229603141 119.358751019187 120.862783498026 122.073449383966 122.995544428598 123.621700865624 124.423473669368
49.6759236592523 54.7052429410185 60.8951490300471 64.4284031559055 65.8168155666428 67.0563489685574 69.572784590766 71.5593362720347 73.2218974580265 74.5884752774991 76.4554705260505 77.677177135067 79.5899395610722 81.5624535533021 83.4709003768202 85.1709483878328 86.9282615866578 88.8671400135547 90.8372320409476 92.7831854847063 94.6724424956034 95.8619790926744 97.6972645230802 99.6108657975551 102.359907168223 104.816946053088 106.770032126816 108.639084155452 109.698226533735 110.609831899683 111.709079914532 113.313582908869 114.20024973253 115.095698744228 115.932936563294 116.451399875654 117.157790436989 117.354311216387 117.417145104042 118.666466340785 120.579601440164 122.351391263532 123.667670500985 125.285002520919 126.33621807316 126.335945120485
47.578777274688 50.605698867866 56.2832808842154 63.149359585644 66.1965720227547 66.8557959407561 68.3583332634438 71.0100011250182 72.8384708930499 74.7143738744631 76.6691597175232 78.4941178441255 80.2797647116176 82.1935633028888 84.9184207901765 86.6214665480948 88.5895013911173 91.0523608029057 93.12107105459 95.0918794274217 96.3177354630648 97.3074551544494 98.3428030275136 99.9993698650137 101.748692725711 104.466181911826 106.423865309655 108.318595524375 109.789192675885 110.820277851487 111.849851504046 113.073173004453 114.428625412925 115.799572254202 116.881988486267 117.649066314465 118.112626838314 118.648617794499 118.754390946951 119.620207126122 121.241609845681 122.655086381932 124.390937385162 126.293361124424 127.737590651377 128.625745014879
53.9261936710675 49.8532993001571 51.181117195297 57.3183433282003 62.4556148808715 63.9553211301754 65.6863236995031 68.216112791846 71.125871622231 73.1393565210228 75.6877901811918 78.0317643544079 79.8699191146738 81.8134736253747 84.6001756897389 86.5893402054669 89.493149918149 92.4721737169129 94.4436828974091 96.2715874717577 98.124119033556 99.0727136977332 99.3542406589885 100.896070211753 102.158038232539 104.105610722442 106.125495323991 107.856333616374 109.167133656563 110.789781815511 111.737006555268 112.788781145085 114.385077632593 115.692556540668 116.893412310272 117.873920715766 118.695934163652 119.260378589357 119.625671269103 120.175545483687 121.100926860219 122.186802751142 124.460168188459 126.158672284936 128.289882550871 129.861548596685
62.6243323107187 60.9023528446343 60.1461074913178 58.5645411399969 57.6522787047428 61.2113953689494 62.5973485557951 65.4085448891643 69.3685231467726 72.3281281585373 74.3219397385203 77.0020108632661 79.2176079698827 81.1175386986031 83.2601389368882 86.1559107091384 89.2451660609658 92.7379923076656 95.7503618078935 97.0545238301156 98.8966428803829 99.8988305958465 100.857282794724 101.750946566385 102.739699177285 104.519775230869 105.941956691393 107.150577996535 109.069410782969 110.788004611631 111.838230448933 113.533722599232 114.679325255909 115.788252357166 117.096725216843 118.652130857477 119.643023998741 120.281153657236 120.535256095861 121.09688774506 121.777981707753 123.059333504752 124.275508140581 127.102835173762 129.359619863873 130.81023559209
65.6802524698715 65.112042397512 64.1238288361629 62.5037724037605 61.5399334221016 58.6958283816287 61.1601198172227 63.9822740591598 67.678943919524 71.7693874220689 74.6316259807643 76.5764734565579 78.4817696315989 80.4533513237395 83.4252756308231 86.3785679065975 90.1522729947734 93.9653835833525 96.7921338078353 98.1129552483953 99.7888876223221 100.877841512018 101.896389851958 102.942961767523 103.993485671555 104.950643376876 106.373114017452 108.004608728273 109.839996412403 110.869934756899 112.630638755357 113.722657697829 114.887951589322 116.378573262521 117.852815309824 119.131078546358 120.620324922192 121.481756283517 121.739457773506 122.632170171703 123.532503022252 124.276975351764 125.729408947213 128.59947071716 130.575525082598 132.294228215968
66.0297176292383 66.9140754098121 67.0465160646134 67.1213859421688 65.4058062319362 63.5504728891927 62.712250582402 62.8320998863766 65.1107335032825 70.2013518649742 73.1875436699372 75.4029104660843 77.5052306925189 80.6127561332443 83.6586855492403 86.5931327890207 91.1333451628018 95.3117989490196 97.2643108513179 99.0853232692991 100.032372422118 101.791639268393 102.818750170222 103.855619178783 104.825458226492 105.872060724836 107.363985267247 108.915154630603 109.819277840276 110.977969537176 112.776908019833 113.93969411544 115.577534739324 116.890471628341 118.333773942583 119.928996647281 120.907660023815 121.852985060377 122.845126522473 124.435635935754 125.152375004221 125.994736798732 127.462871130618 129.443441603658 131.513992641077 132.99118548758
66.0417054557112 67.7196258995137 68.6139345105862 69.7568589453817 69.8278314197043 68.9696362808744 68.4304683793478 66.681689849064 65.2321504898305 66.7563168005224 70.6257850097062 73.1417120917328 76.0496226183642 79.9831828958282 83.2469991110544 87.2386200492355 91.1342423902531 95.1307457570033 98.0822433054511 99.5910353905507 100.863542857774 102.687415527343 103.681495281374 104.745614620256 105.775512973866 106.798273375391 108.230947670665 109.118870532884 110.060712026901 111.871068444808 112.945066436386 114.771450853585 115.933689138986 117.473702636023 119.377369911297 120.901892527938 121.84445441242 122.767296545904 123.840578564216 125.586465623239 126.556817191905 127.618334440371 128.664710807751 130.078531866947 131.754082532116 133.508349562825
64.2051458167874 66.0638067996459 67.7188943282896 69.3233005353539 71.3170572672001 72.4452689631953 72.137997030696 71.7796791352766 71.0392610000765 68.4663290557662 68.5156401312633 70.4966171392563 73.3302786184968 76.9482281989822 82.3643684749501 86.7985096919128 90.7199872005334 94.9073428744695 98.014561051224 99.9662944075499 102.010080423904 103.66526378525 104.660279243723 105.768102678737 106.823311604739 107.802716578059 108.800326279983 109.830031897158 111.077908036335 112.851086566124 113.900467165921 115.761818976289 116.860253744322 118.510824450789 120.304145475084 121.080846977471 121.801668308599 122.899243014287 124.702163095315 126.404519482538 127.616884025816 129.25396757605 130.145547661288 131.5684067605 132.706413106181 133.584880862489
