fig1_map_empo_richness/fig1_map/elevation_raster.asc
NCOLS 540 
NROWS 236 
XLLCORNER -158.088334445 
YLLCORNER 21.586893111 
CELLSIZE 0.000278000000000028 
NODATA_value -9999 
[rows 0 to 19 of 236, columns 322 to 367 of 540]
-9999 -9999 -9999 -9999 -9999 -9999 -9999 -9999 -9999 -9999 -9999 -9999 -9999 -9999 -9999 -9999 -9999 -9999 -9999 -9999 -9999 -9999 -9999 -9999 -9999 -9999 -9999 -9999 -9999 -9999 -9999 -9999 -9999 -9999 -9999 -9999 -9999 -9999 -9999 -9999 -9999 -9999 -9999 -9999 -9999 -9999
-9999 -9999 -9999 -9999 -9999 -9999 -9999 -9999 -9999 -9999 -9999 -9999 -9999 -9999 -9999 -9999 -9999 -9999 -9999 -9999 -9999 -9999 -9999 -9999 -9999 -9999 -9999 -9999 -9999 -9999 -9999 -9999 -9999 -9999 -9999 -9999 -9999 -9999 -9999 -9999 -9999 -9999 -9999 -9999 -9999 -9999
-9999 -9999 -9999 -9999 -9999 -9999 -9999 -9999 -9999 -9999 -9999 -9999 -9999 -9999 -9999 -9999 -9999 -9999 -9999 -9999 -9999 -9999 -9999 -9999 -9999 -9999 -9999 -9999 -9999 -9999 -9999 -9999 -9999 -9999 -9999 -9999 -9999 -9999 -9999 -9999 -9999 -9999 -9999 -9999 -9999 -9999
-9999 -9999 -9999 -9999 -9999 -9999 -9999 -9999 -9999 -9999 -9999 -9999 -9999 -9999 -9999 -9999 -9999 -9999 -9999 -9999 -9999 -9999 -9999 -9999 -9999 -9999 -9999 -9999 -9999 -9999 -9999 -9999 -9999 -9999 -9999 -9999 -9999 -9999 -9999 -9999 -9999 -9999 -9999 -9999 -9999 -9999
-9999 -9999 -9999 -9999 -9999 -9999 -9999 -9999 -9999 -9999 -9999 -9999 -9999 -9999 -9999 -9999 -9999 -9999 -9999 -9999 -9999 -9999 -9999 -9999 -9999 -9999 -9999 -9999 -9999 -9999 -9999 -9999 -9999 -9999 -9999 -9999 -9999 -9999 -9999 -9999 -9999 -9999 -9999 -9999 -9999 -9999
386.203914161087 384.19731725799 374.330975761772 360.824014389649 353.528194814016 348.057845719001 343.402180408572 338.888653070925 334.878180795752 330.215474942924 326.113587319091 326.592808417854 337.864742195327 352.419963819707 358.835479041905 365.125485372392 382.644681577289 400.919628932094 399.033920767895 384.2500513246 377.076595836227 381.596033468163 394.309724583546 404.794299564384 412.707809649328 418.372048936038 425.97129739107 421.987560691011 407.360634066229 391.448292601257 373.134509628567 369.54906433459 377.214754466426 376.339643065311 363.679134371894 353.375189063113 353.14427596823 351.232616307842 345.353350978548 343.71378811504 336.302204373867 323.6574556306 317.162040299934 316.891792640444 313.896590370472 298.477394927138
393.465018092298 381.58137691189 369.885322470842 361.936641068447 355.277471193494 346.854500814031 340.8535739707 337.869003959089 334.022201615264 329.880681500304 327.267501749946 333.527891110407 345.928603203989 360.149739242423 373.950286681535 386.321401711068 399.492931704711 406.499979322499 397.981953335143 380.87224730276 382.299651371472 393.397941284584 404.645635703299 414.208285285409 420.219020009965 425.222028598657 427.123615558387 419.505092953494 397.76636220433 382.183405235873 377.497280375132 383.396589654335 387.369813558534 388.034344837256 378.092484498051 369.285455164562 367.102094419306 359.09683649599 352.56142297621 345.353319053331 335.229015507639 322.760643442419 319.7922112712 325.513494069921 322.70007733222 307.551746656335
400.420737093019 387.262958346166 377.460785681896 371.370791455457 364.238735291015 350.113555228861 340.436271712024 336.720443727225 332.932232491027 329.944797813923 331.393252315175 339.110326771572 348.093784998334 358.557869477456 370.745132433369 385.523680833705 404.462455762334 408.819299095842 399.136522615769 387.061843984451 388.338818121811 393.919475008793 398.878527048928 399.839457950649 404.225906576693 415.322063747787 417.115863369592 415.243225213495 406.814208559567 401.986398280801 394.257659119965 395.436577656395 397.595826607381 399.566902836355 393.484084455389 386.508540285474 379.148528340507 368.279586526691 355.495821457797 342.119825583791 329.049569551567 326.030493626963 333.92449948255 341.531048322308 333.216283019419 322.445840910519
399.95320910209 393.521468651467 386.192317588979 378.609682169824 368.886554216858 356.495308251108 345.022488192487 335.965801337045 332.196710645491 335.111978747469 342.380665162309 347.616795589109 352.656678338728 358.284688380979 364.909450245116 377.843878234583 397.711688324443 414.155154888848 403.885403379624 396.873137774108 400.045952714023 399.943752986865 395.719957895927 397.092083743571 404.028386259122 410.318966362647 414.495626846317 416.476317740744 414.627967210402 409.654765152005 406.13841827012 407.174450376477 413.64100053875 402.851658214548 393.989259182344 390.222922908755 384.501259801778 373.151114832356 357.175269694047 344.517056217931 332.878124986244 335.282774928867 343.039898582779 335.352445939995 324.488998170981 315.550456980693
411.618883500542 404.559190947443 393.96684863786 378.776926168381 367.673885177735 355.004367407135 344.97909474852 336.884993003349 334.881700890445 336.629168526072 339.734863504697 343.683855070438 353.566130413102 363.964395403895 374.300176915037 386.121380014183 402.999539693077 416.685454042715 412.030623845912 408.484922299328 410.423329379379 410.077579279973 404.038016286129 398.283571083798 400.109044306625 407.379373002768 415.814254402451 420.788919217236 423.68380732464 424.600787591785 421.62757571735 417.943476530211 410.29842828185 397.078298705794 384.982560858281 379.588171459361 377.956987476855 369.462457208027 352.900938475683 340.335539308293 337.137580296858 339.495870558517 328.939733550808 316.228320451081 306.786709876823 300.028816739569
412.088133626866 397.797155205982 385.116591495413 371.597337766253 363.608725650468 357.59340980077 350.878354443612 349.085074349572 347.594550674295 342.427465692368 339.17421551576 338.478015563792 343.342070675991 358.740047100424 373.350074406475 386.237418730204 400.921587575934 414.498358720145 416.600776657378 415.63826486596 417.175871570717 416.748593206769 410.158827291208 402.538827602122 398.946342186532 406.292916409808 420.446453217343 426.538789056878 427.089792236074 426.037805286838 422.529506532078 415.216595760444 406.457038734097 395.407551762289 381.161444039475 368.391971862761 362.17041798983 357.229645519845 344.388993017206 340.6090373829 344.969903906994 340.305268275848 320.668165570985 308.356672495506 295.450445857176 284.737788933298
407.258510494593 396.892999663064 384.733403950901 377.835094720739 382.372889450874 376.037339625018 368.614762561272 364.834615201686 363.977661647752 355.101843208706 345.790620796339 340.499107878988 343.631905745099 356.253028051299 372.995689884107 384.748488788316 395.439584273475 410.21588062718 419.939530430836 426.872867342879 426.514033985866 423.925834858511 413.400629470825 402.977773306177 402.129784802381 410.945569841981 421.684481258638 426.89145903428 422.112010730457 417.687416718697 420.94631347628 413.979895290025 403.194163101605 393.76769787156 380.725305699018 366.203900997949 354.805929031005 349.460154785788 351.931479994733 361.674053713416 363.265119274926 347.709351447952 326.906986626734 311.151329429627 298.888150296217 288.190212210242
407.989027485482 402.329424029954 390.538817918633 391.644305534005 399.119329902827 393.019013426584 379.561535101923 369.009459473799 361.678056736687 353.101116953573 345.595498197773 343.75971034698 354.539171384975 368.908952424256 380.897505421104 388.96276951047 397.181374462651 407.326935614602 416.604347543659 429.174835135667 437.912289899653 426.78886774025 413.56672483864 410.741311688476 403.116554676712 409.111363374388 419.155984714858 422.53079076203 414.153463529304 401.35118087485 407.358495608645 409.668213308686 399.317168776521 390.575796767824 379.550103297509 366.199315332025 361.588563242375 364.069285553841 367.378804997756 372.914124481274 367.030326297211 353.587512808124 340.375861090755 320.87395907433 303.535891877293 290.80516653077
414.810980294917 406.074564382771 399.437887838959 405.957858807735 407.948140484897 390.568947706271 370.913448953882 356.826753759676 348.64330761812 344.754388444795 346.469331364799 351.67167981588 355.30864020748 361.52804877237 365.889908646064 371.258956153638 378.934999061249 396.344776044907 419.823184573508 434.573680328178 437.222725442595 429.616046371976 426.452932119546 417.992505682403 409.405720652142 409.90201807892 415.797935425691 416.728055224995 406.155803984919 390.825151177812 388.60934833387 396.595813063323 394.733801960312 388.05221536441 382.013516779617 380.280099093165 383.365395456343 381.502748937545 380.419094049424 376.970696352091 367.048299966284 355.198205757859 342.380988631248 325.999001689469 310.746118961813 297.719970051453
418.077252575366 413.651292314303 411.50144958404 419.208718281837 412.76523036584 394.281500617729 376.833057417466 359.609167824543 347.252438722209 348.00832382342 352.674616778363 355.788487207249 361.38671448711 369.224215248218 374.455424911347 378.314271214558 391.773396905741 404.742346949836 411.774629167263 415.555557546334 428.482399970922 438.246993397348 427.779009625018 417.793573196759 413.541147901661 412.284770485745 416.052604876692 417.944040488325 407.747627876746 387.572317873625 376.058216921971 378.843866021913 383.423296139818 380.318294721235 382.169199870649 391.437139074512 385.278070077766 377.946257080872 374.370630746238 361.014598983976 344.859674733315 332.873703303287 323.277784348317 316.422944242344 305.024917947122 292.683862707504
416.671055075596 417.219687156244 423.332749226736 425.016823580798 411.602293125449 395.790769956608 381.402223507833 367.758125016844 359.580253003989 354.647400966133 351.997171701158 354.397535182177 368.498698596041 382.900484988298 392.772879528582 390.768718203835 393.088283324131 400.41077968637 411.794053008499 425.813986498343 432.498447234921 439.218825599886 434.549652778687 424.687173413858 417.080171036407 414.975174019056 419.444834271712 419.896986171395 401.501613731845 382.099111823363 366.657320859195 360.126059959656 363.63362126915 364.386592821561 366.142698674044 374.06561925496 376.269984008476 362.349143221243 357.36251940002 346.83235036584 328.572659649161 313.352455180084 303.372573860426 297.031861010501 291.999752727404 285.477836864433
393.733126372532 404.085416760136 417.744184856994 412.267092020702 396.51561956611 386.258590269712 378.078391223169 371.392021460855 366.121436919053 360.125518138441 354.037587394673 357.835437583764 372.419079209702 385.506727612058 401.124649616361 408.297220766235 404.71370164157 407.470121114714 418.871654163532 428.633801295948 433.15094310472 436.215951678297 433.238951979575 422.520986872224 414.791100273206 417.620985717558 424.769971719939 425.413444710573 411.29058350493 391.580683305952 371.427801045862 357.778454816519 348.360695749815 348.077507227145 354.626288785962 363.908139186123 369.229120562641 356.418884931513 344.912409472605 338.207711884504 322.561214652816 306.023998181649 292.701346351647 288.695367859196 289.481689687189 292.645652277127
380.90348318744 399.505948174159 409.324978327194 399.903919173074 385.216890630786 373.872867316391 363.402311885406 356.941011447678 355.398227598448 356.145234516116 362.317569420229 375.84701814449 387.178970248474 399.500718185295 402.747706499493 406.357336504526 407.384200943815 411.728901471797 416.896087821296 421.996173451341 427.763692211582 429.134747036878 428.745024515611 423.804173682133 418.786030704011 420.442461491997 424.614770948718 422.851686787074 407.685500823889 387.72323199392 371.098122412743 357.953863913276 349.457120914846 342.504942692552 341.572600513616 349.968436088229 354.820770590146 342.316794837088 330.48663180725 327.039629782116 323.251069773221 309.401903422387 295.033364584521 295.941887414358 303.075905568219 308.655354381097
382.054602628944 395.67616973922 407.092856116646 403.460232859468 388.447733367793 376.129932781581 365.27247832504 357.472036566082 355.549568770866 359.377511693609 368.886605442753 377.617932662277 382.249956515704 390.199880996438 390.578510137037 392.578086093607 400.423619008533 409.099872963099 410.594957925978 412.73272458245 420.079789413597 424.012570575846 427.113546789494 427.458616983662 425.313037258313 423.712816449988 425.060764844446 425.241989467293 412.557208688152 393.955927910831 384.071460051177 374.710824316175 363.168337850473 351.051948274827 338.877717493955 334.277206847717 336.966186593159 331.427904508066 318.976444093074 311.741985149125 307.881032891095 302.230164871166 297.427338573004 296.016728023631 296.643966678856 304.894147135371
379.146263097694 393.944653489835 403.43017145417 402.680406102494 393.366041590297 385.567436286067 375.828233802936 362.176637298852 357.637367267081 357.348521305632 359.014337343024 363.918073208194 374.413357401754 382.406020549477 383.247885219336 382.399266902529 388.959109999637 400.751619561843 402.173233011078 401.939691574867 412.77265972129 417.711947326867 425.619413058561 429.441249047205 427.414804016409 424.073122751362 421.651267443167 419.509906354184 412.884078288615 400.819532368978 387.509750633311 373.866877769537 363.390820491272 351.135493536233 337.649169068274 327.583418774725 323.201820850139 319.326773704106 315.705758062287 314.235181628709 313.416110132761 310.832465746048 305.580950126723 300.652426262767 297.032977650299 299.770848947975
