fig1_map_empo_richness/fig1_map/rain_raster.asc
NCOLS 66 
NROWS 27 
XLLCORNER -158.088 
YLLCORNER 21.5895 
CELLSIZE 0.00225000000000019 
NODATA_value -3.4e+38 
[rows 0 to 19 of 27, columns 0 to 45 of 66]
-339999999999999996123846586046231871488.000000000000000 -3.4e+38 -3.4e+38 -3.4e+38 -3.4e+38 -3.4e+38 -3.4e+38 -3.4e+38 -3.4e+38 -3.4e+38 1128.13598632812 1155.03698730469 1181.26098632812 1207.14099121094 1235.49499511719 1264.41296386719 1294.21203613281 1325.37902832031 1355.77404785156 1383.39294433594 1411.51196289062 1438.86999511719 1466.21496582031 1493.80395507812 1522.18103027344 1552.02404785156 1583.96203613281 1618.35302734375 1654.65698242188 1692.72595214844 1733.86096191406 1776.24694824219 1820.63793945312 1865.47094726562 1912.85595703125 1960.53295898438 2010.9580078125 2061.3369140625 2104.94799804688 2143.0830078125 2177.42602539062 2205.19604492188 2225.14404296875 2236.46606445312 2238.64208984375 2226.53002929688
-3.4e+38 -3.4e+38 -3.4e+38 -3.4e+38 -3.4e+38 -3.4e+38 -3.4e+38 -3.4e+38 -3.4e+38 -3.4e+38 1132.375 1159.45495605469 1186.65002441406 1214.04504394531 1244.43200683594 1274.89794921875 1305.30505371094 1336.51403808594 1367.19702148438 1395.18603515625 1423.75903320312 1452.45300292969 1481.03698730469 1509.22302246094 1537.97497558594 1568.34497070312 1601.80395507812 1638.47302246094 1677.57104492188 1717.49096679688 1759.68200683594 1803.9599609375 1852.13793945312 1901.10400390625 1953.39196777344 2005.85998535156 2060.00610351562 2114.2958984375 2162.94189453125 2206.37109375 2246.88598632812 2280.69189453125 2305.80395507812 2322.12890625 2329.1669921875 2320.78295898438
-3.4e+38 -3.4e+38 -3.4e+38 -3.4e+38 -3.4e+38 -3.4e+38 -3.4e+38 -3.4e+38 -3.4e+38 1109.51501464844 1136.26794433594 1164.2900390625 1193.08898925781 1221.89794921875 1253.51000976562 1284.94299316406 1315.72094726562 1347.13598632812 1378.23095703125 1406.92199707031 1436.28002929688 1465.96398925781 1495.4560546875 1524.51599121094 1554.14404296875 1584.48095703125 1619.24694824219 1657.57702636719 1698.64099121094 1740.5009765625 1784.59594726562 1831.17797851562 1882.40100097656 1934.6689453125 1990.86401367188 2047.15295410156 2105.14501953125 2163.59008789062 2217.48193359375 2266.50805664062 2313.11596679688 2353.09301757812 2384.39794921875 2406.6669921875 2419.2109375 2415.40502929688
-3.4e+38 -3.4e+38 -3.4e+38 -3.4e+38 -3.4e+38 -3.4e+38 -3.4e+38 -3.4e+38 -3.4e+38 1111.63305664062 1139.64599609375 1169.42602539062 1200.49194335938 1230.43603515625 1262.35900878906 1294.19201660156 1325.28100585938 1356.958984375 1388.61901855469 1418.51098632812 1449.15002441406 1479.27697753906 1509.20495605469 1539.39501953125 1570.52294921875 1602.26196289062 1636.94995117188 1675.623046875 1717.375 1761.22900390625 1808.77600097656 1858.26501464844 1911.35595703125 1965.71301269531 2024.3349609375 2083.11206054688 2145.55688476562 2208.86206054688 2268.26000976562 2323.17895507812 2375.5380859375 2421.61303710938 2460.14306640625 2489.50390625 2508.40991210938 2510.01391601562
-3.4e+38 -3.4e+38 -3.4e+38 -3.4e+38 -3.4e+38 -3.4e+38 -3.4e+38 -3.4e+38 1085.75500488281 1113.3740234375 1142.66296386719 1174.2060546875 1207.72094726562 1238.71899414062 1270.7080078125 1302.97204589844 1334.52697753906 1366.44104003906 1398.46801757812 1429.18395996094 1460.72998046875 1491.31298828125 1521.75598144531 1552.92004394531 1585.27001953125 1617.94897460938 1653.20495605469 1692.31896972656 1734.61596679688 1779.97595214844 1830.17797851562 1882.07702636719 1937.17297363281 1993.69104003906 2054.6689453125 2115.8349609375 2182.07690429688 2249.4541015625 2313.78295898438 2374.15893554688 2432.2119140625 2484.51904296875 2530.55908203125 2567.90087890625 2594.28295898438 2602.46606445312
-3.4e+38 -3.4e+38 -3.4e+38 -3.4e+38 -3.4e+38 -3.4e+38 -3.4e+38 -3.4e+38 1086.57995605469 1114.498046875 1144.73095703125 1177.40405273438 1212.09301757812 1245.24597167969 1278.04504394531 1311.03894042969 1343.34594726562 1375.94995117188 1408.53601074219 1439.61096191406 1471.58996582031 1502.71801757812 1533.74499511719 1565.71594238281 1599.05603027344 1632.58996582031 1668.80200195312 1708.92102050781 1752.17395019531 1798.42102050781 1849.42895507812 1902.88598632812 1961.16796875 2020.94799804688 2085.03491210938 2149.33911132812 2218.23999023438 2288.09790039062 2356.15893554688 2421.38891601562 2485.10009765625 2543.78393554688 2597.44189453125 2643.23803710938 2677.7958984375 2693.27905273438
-3.4e+38 -3.4e+38 -3.4e+38 -3.4e+38 -3.4e+38 -3.4e+38 -3.4e+38 1061.43103027344 1087.91003417969 1116.10205078125 1146.68798828125 1179.76293945312 1214.7060546875 1248.90002441406 1283.64794921875 1317.78100585938 1350.86401367188 1384.12194824219 1417.29895019531 1448.71704101562 1481.11999511719 1512.73999023438 1544.27001953125 1577.02697753906 1611.28002929688 1645.55895996094 1682.65405273438 1723.57104492188 1767.65100097656 1814.60705566406 1866.13000488281 1920.65295410156 1981.376953125 2043.74401855469 2110.60888671875 2177.77905273438 2249.34301757812 2322.06201171875 2393.07495117188 2462.4541015625 2531.294921875 2596.087890625 2657.19311523438 2711.56494140625 2755.02392578125 2779.5048828125
-3.4e+38 -3.4e+38 -3.4e+38 -3.4e+38 -3.4e+38 -3.4e+38 1041.75805664062 1064.42700195312 1091.22302246094 1119.63598632812 1150.15405273438 1183.06494140625 1218.04797363281 1252.73706054688 1288.47497558594 1323.67004394531 1357.35205078125 1390.73901367188 1423.98303222656 1455.8310546875 1488.69396972656 1520.81701660156 1552.85498046875 1585.92004394531 1620.46203613281 1655.0009765625 1692.42102050781 1733.6669921875 1778.0810546875 1825.85705566406 1878.62097167969 1934.03100585938 1995.51293945312 2059.10693359375 2127.99096679688 2197.43310546875 2271.53295898438 2347.20092773438 2423.0859375 2497.14306640625 2571.16796875 2642.169921875 2709.92504882812 2771.74609375 2824.79809570312 2860.99096679688
-3.4e+38 -3.4e+38 -3.4e+38 -3.4e+38 -3.4e+38 -3.4e+38 1044 1067.06604003906 1094.20104980469 1122.7939453125 1153.10498046875 1185.65795898438 1220.60302734375 1255.65100097656 1291.92004394531 1327.94494628906 1362.28002929688 1395.90405273438 1429.29602050781 1461.65197753906 1495.04504394531 1527.71398925781 1560.26904296875 1593.62805175781 1628.47802734375 1663.18298339844 1700.83898925781 1742.32104492188 1786.83605957031 1835.14294433594 1889.00903320312 1945.17700195312 2007.04504394531 2071.39892578125 2141.46411132812 2212.34301757812 2288.375 2366.3798828125 2446.8349609375 2525.89794921875 2604.89697265625 2681.39599609375 2754.7890625 2823.56811523438 2886.03491210938 2933.8759765625
-3.4e+38 -3.4e+38 -3.4e+38 -3.4e+38 -3.4e+38 1022.59997558594 1046.11303710938 1069.75 1097.11499023438 1125.70703125 1155.88000488281 1188.06604003906 1222.74694824219 1258.11999511719 1294.80200195312 1331.29797363281 1366.21203613281 1400.57299804688 1434.52099609375 1466.90405273438 1500.34997558594 1533.85900878906 1567.248046875 1600.55200195312 1635.23803710938 1670.16101074219 1708.39904785156 1750.35302734375 1795.19799804688 1843.45104980469 1896.85302734375 1952.88098144531 2015.34204101562 2080.81591796875 2152.50390625 2225.15307617188 2303.49096679688 2384.13696289062 2468.39794921875 2551.916015625 2636.07397460938 2718.15209960938 2797.041015625 2872.3310546875 2942.57495117188 2999.59912109375
-3.4e+38 -3.4e+38 -3.4e+38 -3.4e+38 1001.45599365234 1023.70599365234 1047.75402832031 1071.93505859375 1099.42004394531 1127.9560546875 1158.55895996094 1190.71301269531 1223.97705078125 1259.27697753906 1296.51403808594 1333.38000488281 1368.68603515625 1403.69104003906 1438.22802734375 1470.69201660156 1504.2490234375 1538.63696289062 1572.88000488281 1606.15905761719 1640.62902832031 1675.67700195312 1714.32604980469 1756.5 1801.46704101562 1849.31701660156 1901.82397460938 1957.3310546875 2020.10400390625 2086.32397460938 2158.97094726562 2232.80810546875 2312.56201171875 2394.92797851562 2482.17895507812 2569.65405273438 2658.73803710938 2746.08911132812 2830.0419921875 2910.70703125 2987.02490234375 3051.40600585938
-3.4e+38 -3.4e+38 962.472717285156 981.877014160156 1001.85302734375 1024.45703125 1049.02905273438 1073.81604003906 1101.68603515625 1130.54895019531 1161.73999023438 1194.42199707031 1227.18395996094 1261.38793945312 1298.79699707031 1335.88000488281 1371.34802246094 1406.57800292969 1441.42700195312 1474.22595214844 1508.16198730469 1542.58996582031 1576.90197753906 1610.53405761719 1645.38000488281 1680.70495605469 1719.65795898438 1761.65197753906 1806.00598144531 1853.54504394531 1906.27001953125 1961.92700195312 2024.71801757812 2091.03588867188 2163.12890625 2236.77294921875 2318.43505859375 2403.01611328125 2492.92407226562 2583.89599609375 2677.51806640625 2769.77587890625 2858.93701171875 2945.13403320312 3026.52709960938 3095.86889648438
927.389282226562 943.693969726562 962.014221191406 981.563720703125 1001.76800537109 1024.59899902344 1049.55102539062 1074.76794433594 1103.50402832031 1133.32299804688 1164.625 1197.62805175781 1231.06494140625 1264.88098144531 1301.10803222656 1337.82604980469 1373.09899902344 1408.25695800781 1443.1650390625 1476.19201660156 1510.44104003906 1544.79504394531 1579.09802246094 1613.28894042969 1648.78295898438 1684.61206054688 1724.05505371094 1765.97705078125 1809.65197753906 1857.02795410156 1910.11901855469 1965.87097167969 2028.31396484375 2094.27905273438 2165.22998046875 2238.1298828125 2321.38403320312 2407.73388671875 2499.53198242188 2593.20092773438 2690.40795898438 2786.86889648438 2880.88305664062 2972.26293945312 3058.0810546875 3131.53295898438
926.899780273438 943.364196777344 961.834106445312 981.564575195312 1002.18499755859 1025.25598144531 1050.49499511719 1076.123046875 1105.23095703125 1135.49499511719 1166.64001464844 1199.57202148438 1233.2080078125 1266.96594238281 1302.44897460938 1338.49597167969 1373.30505371094 1408.40600585938 1443.39001464844 1476.27795410156 1510.51293945312 1545.07202148438 1579.61096191406 1614.02795410156 1649.8310546875 1685.75903320312 1725.19494628906 1767.16003417969 1810.75500488281 1857.87805175781 1910.38696289062 1965.34399414062 2026.73095703125 2092.09912109375 2163.14404296875 2236.32104492188 2319.48291015625 2405.89404296875 2498.73803710938 2594.30493164062 2694.2919921875 2794.39208984375 2892.68603515625 2988.79296875 3079.07397460938 3157.19604492188
926.382202148438 942.954223632812 961.513916015625 981.339477539062 1002.30499267578 1025.59301757812 1051.27099609375 1077.52197265625 1106.48999023438 1136.53100585938 1167.31994628906 1199.9560546875 1233.55895996094 1267.33898925781 1302.64099121094 1338.19995117188 1372.43701171875 1407.44799804688 1442.49194335938 1475.11096191406 1509.25 1544.18200683594 1579.09704589844 1613.65698242188 1649.68603515625 1685.78601074219 1725.26196289062 1767.64196777344 1811.69799804688 1858.74096679688 1910.40600585938 1964.18395996094 2024.36096191406 2089.17700195312 2160.97998046875 2234.98095703125 2317.30590820312 2402.93505859375 2496.21899414062 2593.00610351562 2695.0859375 2798.27392578125 2900.31689453125 3000.7119140625 3095.248046875 3177.89697265625
925.864013671875 942.591674804688 961.153991699219 981.003173828125 1002.22302246094 1025.76000976562 1051.54797363281 1077.90795898438 1106.57800292969 1136.27294921875 1166.56201171875 1198.67602539062 1232.03002929688 1265.93896484375 1301.708984375 1337.02001953125 1370.43005371094 1405.01501464844 1439.88793945312 1472.5419921875 1506.90502929688 1542.03002929688 1577.1259765625 1611.98498535156 1648.34594726562 1684.82604980469 1724.6240234375 1767.38500976562 1811.73205566406 1858.78100585938 1909.91101074219 1962.94702148438 2022.47900390625 2087.02807617188 2158.70190429688 2232.72998046875 2314.6689453125 2399.88305664062 2493.78100585938 2591.97192382812 2694.98291015625 2799.64404296875 2904.412109375 3008.72607421875 3107.76391601562 3195.88696289062
924.229125976562 941.041687011719 959.582580566406 979.470520019531 1000.94000244141 1024.84204101562 1050.56994628906 1076.7099609375 1105.07604980469 1134.42504882812 1164.19396972656 1195.55004882812 1228.22900390625 1261.89794921875 1298.2509765625 1334.32202148438 1366.71398925781 1400.86999511719 1435.52697753906 1468.498046875 1503.30895996094 1538.41101074219 1573.49694824219 1608.67700195312 1645.41296386719 1682.34997558594 1722.64794921875 1765.67297363281 1810.03601074219 1857.01599121094 1907.70202636719 1960.19299316406 2019.25 2083.39892578125 2154.0029296875 2227.24389648438 2308.96899414062 2393.9541015625 2488.55200195312 2588.19897460938 2691.0830078125 2795.9169921875 2902.68701171875 3010.69995117188 3114.54907226562 3208.88989257812
922.35009765625 939.069519042969 957.63623046875 977.746887207031 999.310424804688 1023.10302734375 1048.583984375 1074.35400390625 1102.26293945312 1131.06896972656 1160.19201660156 1190.6689453125 1222.21594238281 1254.72302246094 1290.38305664062 1326.65100097656 1360.18798828125 1394.51696777344 1429.19702148438 1462.45397949219 1497.57495117188 1532.86901855469 1568.17797851562 1603.80603027344 1641.083984375 1678.45202636719 1719.11096191406 1762.57104492188 1807.125 1854.25 1904.72497558594 1956.85205078125 2015.62194824219 2079.5869140625 2149.3779296875 2222.03588867188 2303.68798828125 2388.53002929688 2482.69311523438 2582.68090820312 2685.81005859375 2791.15991210938 2899.31591796875 3009.99291992188 3117.71508789062 3218.18994140625
920.064025878906 936.556518554688 955.196105957031 975.632019042969 997.27392578125 1020.85400390625 1046.16296386719 1071.78601074219 1098.94396972656 1126.9560546875 1155.42102050781 1185.15502929688 1215.72302246094 1246.21594238281 1281.30200195312 1317.42102050781 1351.88696289062 1386.74096679688 1421.61401367188 1455.09204101562 1490.38500976562 1526.0439453125 1561.77294921875 1597.95104980469 1635.76098632812 1673.46105957031 1714.35705566406 1758.0830078125 1802.82495117188 1850.18701171875 1900.64697265625 1952.51904296875 2011.11901855469 2074.99609375 2144.1201171875 2216.35107421875 2297.96606445312 2382.68994140625 2475.04296875 2573.94409179688 2677.84594726562 2784.65795898438 2894.14990234375 3006.94506835938 3118.01196289062 3224.40307617188
915.779418945312 932.321472167969 950.993530273438 971.267883300781 992.622924804688 1015.75897216797 1040.70104980469 1066.03796386719 1092.66394042969 1119.99401855469 1147.83996582031 1177 1207.10998535156 1237.50805664062 1270.79504394531 1306.11596679688 1340.66796875 1375.73999023438 1410.72595214844 1444.49304199219 1479.98901367188 1516.04602050781 1552.21301269531 1589.0419921875 1627.416015625 1665.42797851562 1706.56201171875 1750.56701660156 1795.42504882812 1842.93298339844 1893.3759765625 1945.03405761719 2003.32495117188 2066.94897460938 2135.17211914062 2206.65087890625 2287.73608398438 2371.9189453125 2462.85791015625 2560.65209960938 2664.2880859375 2771.59497070312 2881.73388671875 2995.42700195312 3108.60400390625 3220.083984375
